2020-11-04 05:52:24 - 
Coordenadas
 x1,y1 - x2,y2 
0,2919 - 2559,2919 
2843,1919 - 2843,611 
2842,1069 - 2842,0 
283,1 - 2004,1 
2559,2918 - 2559,1921 
283,998 - 283,101 
282,2 - 1052,2 
1404,0 - 2005,0 
2844,1914 - 2844,1556 
2561,1919 - 2842,1919 
2266,1139 - 2393,1040 
1135,1558 - 1172,1622 
0,999 - 282,999 
1125,1558 - 1173,1579 
293,2682 - 319,2665 
2560,2114 - 2560,2022 
594,2163 - 678,2091 
1160,1728 - 1225,1731 
604,718 - 622,764 
846,1829 - 909,1816 
953,1479 - 1164,1580 
2152,1165 - 2195,1147 
862,1825 - 914,1814 
282,343 - 282,3 
594,2158 - 673,2092 
820,2451 - 821,2359 
2155,1162 - 2206,1133 
2051,1560 - 2103,1546 
284,2681 - 333,2643 
2267,1134 - 2304,1105 
1896,1633 - 1944,1601 
990,1607 - 999,1643 
512,2231 - 597,2161 
728,1110 - 753,1154 
1289,1775 - 1340,1761 
796,1225 - 801,1240 
2019,1236 - 2076,1219 
647,2108 - 664,2094 
1042,1516 - 1095,1543 
648,2105 - 659,2097 
965,1787 - 983,1768 
1031,1906 - 1042,1902 
797,1236 - 821,1303 
596,470 - 608,474 
963,1861 - 1031,1809 
295,2680 - 311,2668 
796,2607 - 796,2576 
1460,1720 - 1470,1718 
1321,1767 - 1344,1761 
2622,1079 - 2781,1124 
539,2214 - 557,2192 
384,2566 - 457,2416 
734,1123 - 742,1144 
705,2088 - 762,2025 
1728,1651 - 1824,1634 
843,913 - 843,892 
1207,1729 - 1220,1728 
2081,1204 - 2156,1170 
1076,1754 - 1162,1727 
1023,1931 - 1038,1921 
945,1868 - 980,1840 
2213,63 - 2277,52 
117,2125 - 152,2114 
1339,1667 - 1359,1676 
472,415 - 502,467 
2002,1571 - 2022,1558 
797,1244 - 810,1279 
2486,1089 - 2596,1062 
2214,1136 - 2241,1118 
89,2849 - 180,2763 
703,829 - 732,836 
602,719 - 622,776 
939,1423 - 956,1461 
2236,125 - 2244,115 
885,1913 - 941,1865 
470,2299 - 505,2263 
1592,1717 - 1611,1714 
2315,1080 - 2361,1064 
2398,1052 - 2448,1025 
1962,1582 - 2047,1557 
121,2127 - 149,2116 
2217,67 - 2242,25 
815,1450 - 816,1426 
1212,1725 - 1258,1752 
2454,1045 - 2497,1028 
462,344 - 472,368 
2841,109 - 2841,10 
207,2737 - 240,2708 
1339,1665 - 1361,1675 
1032,1934 - 1040,1912 
862,1821 - 876,1819 
987,1671 - 998,1700 
1016,1983 - 1029,2024 
803,1992 - 825,1972 
1702,1654 - 1738,1644 
355,2641 - 390,2613 
579,712 - 581,691 
2576,1070 - 2766,1126 
364,2637 - 386,2619 
464,261 - 475,335 
985,1678 - 999,1715 
901,1399 - 906,1422 
1360,1763 - 1391,1737 
1969,1577 - 2011,1569 
951,1474 - 1025,1510 
2050,1410 - 2058,1361 
2079,1138 - 2122,1138 
2075,1142 - 2089,1139 
999,1839 - 1008,1883 
1638,1687 - 1693,1667 
991,1584 - 1000,1606 
1596,1715 - 1615,1712 
812,2560 - 812,2524 
518,477 - 545,554 
1042,1785 - 1087,1748 
699,2092 - 778,1998 
908,2230 - 917,2204 
428,2917 - 440,2917 
795,1220 - 842,1184 
960,2091 - 981,2039 
2258,1129 - 2327,1075 
468,2307 - 510,2251 
823,1305 - 881,1348 
799,1213 - 842,1180 
754,825 - 759,840 
2310,31 - 2352,22 
1486,1737 - 1516,1747 
812,2508 - 816,2375 
123,2128 - 146,2119 
1036,1885 - 1039,1950 
934,1619 - 994,1611 
469,443 - 480,458 
1388,1672 - 1430,1695 
1413,1743 - 1445,1709 
978,1745 - 982,1768 
576,339 - 604,401 
1094,1745 - 1126,1735 
909,1635 - 928,1630 
840,1045 - 846,1068 
286,2684 - 336,2645 
2264,71 - 2273,56 
472,219 - 483,237 
365,2918 - 379,2918 
964,1787 - 987,1759 
818,1431 - 861,1405 
566,323 - 584,363 
2068,1220 - 2079,1216 
502,278 - 514,324 
906,2261 - 923,2237 
924,1558 - 986,1549 
1001,1878 - 1012,1875 
2320,39 - 2344,38 
476,457 - 476,393 
2047,1137 - 2078,1137 
742,843 - 828,830 
569,660 - 576,708 
2010,1243 - 2042,1232 
2052,1466 - 2062,1385 
472,2292 - 506,2258 
38,2880 - 75,2847 
85,1154 - 128,1204 
981,2053 - 1027,1963 
35,2877 - 68,2851 
847,885 - 858,878 
957,1502 - 971,1555 
1971,1139 - 2048,1133 
2042,1376 - 2053,1411 
933,1429 - 934,1417 
546,340 - 578,382 
936,1794 - 975,1783 
830,1432 - 831,1419 
2055,1171 - 2084,1165 
465,181 - 474,215 
1583,1723 - 1631,1699 
21,1000 - 278,1000 
2485,1090 - 2541,1072 
2665,1092 - 2777,1125 
1700,1656 - 1786,1638 
1390,1737 - 1540,1744 
1079,1592 - 1106,1601 
566,565 - 585,599 
927,1800 - 940,1796 
1125,1602 - 1155,1601 
2340,1078 - 2352,1073 
1139,1738 - 1173,1726 
593,360 - 634,475 
983,2145 - 1038,2072 
2217,1136 - 2249,1117 
933,2191 - 941,2171 
2192,53 - 2239,38 
108,1145 - 135,1206 
1422,1721 - 1448,1714 
145,2114 - 230,2083 
1108,1552 - 1118,1548 
481,300 - 490,322 
1045,1781 - 1082,1750 
1848,1625 - 1922,1627 
2237,169 - 2244,135 
505,464 - 514,485 
800,1255 - 825,1290 
802,1991 - 824,1972 
1393,1673 - 1434,1738 
516,475 - 543,555 
387,2556 - 415,2516 
1054,1603 - 1084,1592 
2112,1186 - 2154,1196 
2053,1377 - 2109,1439 
978,1540 - 1002,1604 
2167,55 - 2238,38 
811,2474 - 812,2489 
2114,1142 - 2160,1126 
881,1934 - 882,1921 
817,2520 - 818,2543 
1440,1708 - 1470,1721 
841,1122 - 843,1135 
992,2117 - 1039,2070 
822,2515 - 822,2460 
2085,1144 - 2097,1144 
977,2041 - 999,2022 
1280,1774 - 1337,1761 
986,2109 - 993,2134 
862,1823 - 922,1808 
610,483 - 621,433 
177,2754 - 236,2709 
475,213 - 485,220 
2043,1455 - 2103,1536 
976,1617 - 993,1614 
2361,5 - 2371,5 
873,1941 - 873,1960 
2514,2915 - 2546,2915 
732,831 - 768,840 
1352,1762 - 1389,1738 
279,2686 - 332,2646 
952,1477 - 962,1500 
1077,1593 - 1093,1592 
1806,1640 - 1821,1636 
471,395 - 475,296 
834,905 - 836,947 
574,612 - 580,630 
765,2015 - 800,1984 
2167,1196 - 2208,1185 
2343,1075 - 2376,1047 
1981,1572 - 2021,1558 
2063,1167 - 2103,1171 
521,477 - 529,524 
964,1860 - 968,1837 
752,825 - 755,840 
2407,1054 - 2447,1032 
2265,30 - 2283,4 
2086,1199 - 2158,1165 
971,1491 - 978,1502 
156,2780 - 177,2762 
2099,1173 - 2113,1174 
908,2290 - 922,2195 
888,1383 - 892,1409 
1425,1736 - 1436,1736 
883,1918 - 917,1888 
782,832 - 799,836 
483,232 - 485,245 
839,1078 - 845,1125 
827,2364 - 844,2315 
977,1847 - 1013,1828 
637,795 - 716,826 
2211,1183 - 2227,1165 
479,299 - 489,325 
2030,1344 - 2058,1362 
113,1247 - 127,1255 
820,2726 - 820,2710 
925,2191 - 978,2142 
967,2062 - 1021,1996 
448,2449 - 462,2399 
594,405 - 613,412 
2193,55 - 2240,44 
407,2529 - 417,2494 
135,2800 - 179,2766 
2330,47 - 2355,19 
2151,1123 - 2270,1183 
2251,1173 - 2270,1167 
592,430 - 618,424 
894,237 - 935,199 
852,1972 - 872,1961 
809,2513 - 814,2561 
990,1843 - 1002,1879 
864,1368 - 867,1395 
865,1367 - 948,1438 
562,362 - 589,357 
2518,1041 - 2529,1038 
1974,1145 - 1988,1145 
629,775 - 635,792 
86,1151 - 146,1214 
2294,1123 - 2306,1088 
2411,1033 - 2453,1043 
313,2024 - 324,2020 
1016,1980 - 1022,2015 
800,1992 - 816,1978 
698,1116 - 774,1157 
803,2558 - 809,2626 
920,2200 - 922,2215 
644,2113 - 670,2092 
805,2546 - 810,2609 
1898,2917 - 1920,2917 
762,2007 - 831,1973 
566,331 - 572,347 
2144,152 - 2146,131 
952,1517 - 967,1554 
2426,1027 - 2478,1043 
2170,1196 - 2237,1169 
1519,1744 - 1579,1731 
2263,71 - 2267,9 
947,1454 - 948,1439 
2029,1346 - 2054,1374 
839,944 - 839,897 
834,960 - 841,939 
464,272 - 482,332 
1052,1780 - 1056,1769 
2172,50 - 2192,46 
2235,1123 - 2252,1118 
2265,1210 - 2274,1179 
832,1144 - 841,1184 
2657,1093 - 2766,1125 
520,477 - 535,509 
978,1795 - 981,1741 
284,2680 - 328,2645 
2179,1159 - 2198,1150 
814,2407 - 815,2376 
769,1618 - 770,1630 
953,1481 - 992,1500 
861,2314 - 861,2330 
2840,266 - 2840,239 
2038,1376 - 2052,1364 
1248,1742 - 1271,1767 
511,283 - 514,293 
2175,1156 - 2209,1134 
487,273 - 498,289 
824,938 - 842,941 
1035,1796 - 1050,1783 
904,1629 - 1036,1594 
452,2432 - 473,2286 
543,534 - 546,554 
961,2073 - 965,2099 
627,773 - 631,788 
1101,1540 - 1180,1579 
497,275 - 504,311 
840,1185 - 840,1105 
2327,1090 - 2349,1076 
178,2750 - 222,2712 
828,2705 - 829,2693 
992,1595 - 1109,1598 
510,2229 - 545,2212 
1368,1672 - 1406,1681 
2087,1166 - 2149,1196 
1326,1767 - 1372,1754 
2590,1073 - 2691,1102 
798,830 - 855,842 
199,2743 - 230,2716 
2625,1078 - 2664,1089 
386,149 - 434,183 
2423,1030 - 2479,1046 
838,1040 - 843,1081 
818,977 - 828,1031 
816,1453 - 847,1400 
889,356 - 889,337 
902,2918 - 949,2918 
986,1763 - 989,1746 
2455,1046 - 2482,1039 
2120,1131 - 2159,1125 
837,1094 - 840,1047 
2402,1036 - 2423,1048 
549,535 - 557,568 
617,432 - 632,473 
89,2860 - 100,2833 
152,2108 - 206,2090 
1005,1878 - 1043,1894 
1798,1641 - 1839,1628 
2463,1082 - 2477,1078 
1530,1746 - 1577,1732 
985,2147 - 1037,2075 
628,774 - 629,787 
932,1416 - 947,1432 
2325,46 - 2368,9 
1021,2017 - 1033,2063 
897,1575 - 940,1553 
824,2694 - 825,2653 
2027,1353 - 2041,1349 
296,2677 - 339,2647 
489,281 - 552,279 
818,2698 - 818,2663 
919,1878 - 948,1862 
1681,1675 - 1719,1638 
2032,1136 - 2050,1134 
592,428 - 617,422 
595,409 - 615,416 
2762,1122 - 2823,1125 
1949,1591 - 1967,1583 
2199,88 - 2210,77 
1337,1671 - 1353,1676 
2331,1086 - 2359,1067 
2289,22 - 2306,1 
469,182 - 475,208 
595,542 - 612,482 
701,2091 - 798,1984 
950,1462 - 973,1500 
2050,1358 - 2059,1438 
113,1343 - 114,1308 
116,1250 - 117,1262 
2050,1231 - 2070,1224 
637,783 - 644,800 
862,1328 - 880,1344 
2517,1038 - 2531,1079 
2270,1184 - 2284,1179 
2811,1125 - 2840,1133 
2275,1125 - 2327,1098 
930,1803 - 942,1790 
2485,1091 - 2605,1063 
2200,46 - 2214,69 
727,2058 - 759,2030 
863,869 - 863,855 
2182,1140 - 2205,1133 
2233,177 - 2236,164 
462,343 - 473,359 
2465,1080 - 2468,1109 
492,268 - 495,286 
857,2351 - 857,2316 
282,2685 - 332,2647 
813,2393 - 825,2373 
1417,1714 - 1433,1697 
2465,1078 - 2477,1071 
2005,1248 - 2023,1317 
2193,87 - 2252,16 
121,2128 - 140,2121 
2520,1065 - 2577,1081 
2275,5 - 2288,5 
2216,53 - 2237,26 
909,2244 - 919,2237 
2343,14 - 2347,49 
810,2494 - 821,2515 
1169,1726 - 1216,1726 
877,1934 - 935,1865 
782,2620 - 796,2652 
826,1301 - 882,1352 
2591,1076 - 2650,1097 
953,1514 - 975,1491 
1574,1734 - 1596,1718 
471,419 - 483,449 
543,2214 - 561,2189 
559,2196 - 578,2173 
888,1623 - 931,1625 
1134,1557 - 1154,1609 
567,337 - 585,352 
2139,102 - 2144,147 
827,2339 - 903,2285 
1397,1675 - 1433,1735 
2098,1143 - 2121,1139 
2245,1121 - 2317,1105 
2041,1374 - 2049,1409 
1137,1560 - 1169,1621 
596,2157 - 606,2151 
1979,1573 - 2035,1556 
31,2873 - 45,2861 
2193,83 - 2212,73 
2560,2567 - 2560,2479 
977,1755 - 998,1730 
470,452 - 481,468 
818,1018 - 829,994 
958,27 - 964,5 
2275,1124 - 2339,1085 
570,645 - 587,716 
773,1635 - 804,1655 
596,413 - 633,466 
2027,1356 - 2101,1431 
637,2135 - 668,2093 
2145,1170 - 2155,1168 
2154,63 - 2168,60 
988,1618 - 995,1572 
2264,17 - 2273,6 
389,2628 - 392,2551 
635,783 - 639,797 
466,251 - 484,277 
2252,17 - 2272,13 
2282,1108 - 2326,1098 
1033,1512 - 1066,1534 
422,177 - 486,205 
987,2048 - 1039,1954 
400,2543 - 401,2529 
799,2643 - 801,2595 
2311,32 - 2334,11 
822,2750 - 830,2710 
116,1136 - 121,1207 
908,229 - 935,190 
515,475 - 521,492 
950,1786 - 975,1782 
2266,74 - 2280,56 
2551,1080 - 2566,1076 
600,459 - 601,504 
833,911 - 849,912 
89,2845 - 141,2794 
856,908 - 858,834 
960,1838 - 977,1795 
885,1624 - 919,1636 
2405,1051 - 2441,1025 
1058,1767 - 1070,1765 
1419,1691 - 1429,1695 
963,1856 - 997,1846 
1145,1611 - 1162,1569 
779,2631 - 795,2591 
529,549 - 580,581 
2754,1917 - 2842,1917 
1046,408 - 1052,395 
2310,5 - 2325,3 
69,2918 - 80,2918 
532,2221 - 549,2199 
470,394 - 470,289 
2265,8 - 2275,56 
176,2758 - 234,2707 
1824,1629 - 1842,1625 
624,766 - 626,783 
1151,1736 - 1167,1727 
594,526 - 598,538 
2556,2656 - 2556,2636 
427,182 - 484,209 
592,427 - 597,473 
394,2541 - 396,2553 
1435,1737 - 1450,1735 
499,275 - 509,315 
34,2877 - 53,2866 
301,2058 - 326,2006 
596,421 - 618,455 
935,2190 - 946,2163 
943,1553 - 954,1556 
458,2405 - 469,2362 
2022,1297 - 2039,1359 
787,2612 - 811,2604 
594,471 - 608,477 
846,2363 - 859,2315 
2269,1181 - 2282,1182 
2460,1048 - 2499,1028 
500,2274 - 513,2225 
592,712 - 599,729 
954,1484 - 990,1500 
102,1123 - 147,1228 
1308,1673 - 1323,1677 
26,2866 - 48,2886 
470,451 - 511,470 
91,1162 - 106,1173 
467,248 - 486,206 
2394,1051 - 2436,1019 
1454,1718 - 1477,1727 
815,1017 - 835,963 
562,284 - 569,308 
2016,1132 - 2044,1132 
828,2337 - 846,2314 
1071,1764 - 1086,1748 
2228,25 - 2241,77 
1967,1578 - 2040,1557 
1387,1672 - 1440,1738 
1068,1766 - 1084,1749 
686,814 - 694,824 
960,1823 - 1041,1907 
572,625 - 579,659 
1462,1741 - 1476,1738 
2168,1155 - 2186,1165 
1906,1632 - 1932,1604 
914,2233 - 918,2202 
735,2050 - 745,2046 
885,1914 - 908,1902 
865,1375 - 891,1395 
2066,1391 - 2121,1446 
54,2859 - 66,2856 
838,907 - 844,890 
72,2916 - 105,2916 
2290,3 - 2321,3 
834,1143 - 836,1154 
2043,1453 - 2100,1541 
1242,1739 - 1264,1762 
477,252 - 484,276 
979,1845 - 1015,1826 
691,1094 - 696,1114 
1292,1649 - 1315,1636 
1030,2073 - 1040,2066 
1102,1599 - 1156,1603 
687,2093 - 718,2073 
2004,1266 - 2007,1246 
825,2506 - 825,2494 
488,2282 - 504,2266 
803,1208 - 842,1179 
2254,1169 - 2272,1173 
2003,1157 - 2061,1168 
2086,1555 - 2102,1549 
2264,39 - 2291,23 
823,2352 - 897,2308 
2152,66 - 2167,61 
572,573 - 578,631 
2462,1098 - 2464,1108 
2341,1077 - 2405,1035 
2003,1160 - 2038,1170 
591,439 - 608,407 
2430,1017 - 2447,1025 
962,1537 - 987,1550 
500,276 - 512,293 
2380,1045 - 2423,1049 
90,2856 - 181,2755 
1602,1712 - 1614,1712 
301,2050 - 311,2040 
730,1616 - 768,1619 
2298,26 - 2328,21 
931,2194 - 936,2178 
943,2180 - 944,2166 
758,1143 - 760,1153 
912,1633 - 925,1633 
581,382 - 590,393 
472,307 - 491,316 
802,836 - 854,840 
844,1055 - 846,1075 
2327,48 - 2345,39 
563,2193 - 583,2169 
446,2449 - 468,2351 
839,1419 - 880,1345 
575,658 - 576,638 
2083,1555 - 2102,1547 
828,2357 - 837,2338 
2754,1918 - 2834,1918 
382,2622 - 397,2533 
1406,1693 - 1421,1688 
854,1835 - 875,1827 
720,1088 - 739,1144 
126,1263 - 137,1298 
387,149 - 485,199 
2256,1127 - 2330,1094 
1291,1647 - 1316,1636 
881,2319 - 893,2294 
1709,1649 - 1727,1644 
797,1233 - 825,1306 
495,2278 - 503,2268 
868,2321 - 877,2306 
2575,1076 - 2601,1062 
1218,4 - 1243,4 
750,1615 - 805,1654 
2119,1133 - 2135,1134 
2501,1010 - 2509,976 
866,1636 - 896,1626 
551,348 - 577,343 
2182,49 - 2240,43 
905,2252 - 907,2265 
813,2746 - 815,2730 
925,43 - 964,16 
1277,1771 - 1328,1762 
2321,43 - 2354,10 
2018,1135 - 2033,1121 
814,2552 - 820,2514 
2264,9 - 2274,56 
633,2137 - 645,2125 
810,2490 - 823,2513 
1763,1646 - 1787,1638 
70,2917 - 105,2917 
1134,1568 - 1164,1583 
623,764 - 630,787 
2255,1168 - 2271,1172 
2224,39 - 2240,37 
157,2110 - 224,2087 
2545,1079 - 2578,1076 
2456,1047 - 2475,1056 
580,607 - 582,595 
1157,1612 - 1198,1597 
2001,1255 - 2032,1231 
2323,45 - 2337,31 
570,682 - 582,692 
960,2082 - 983,2039 
1505,1740 - 1520,1747 
830,918 - 854,905 
524,489 - 531,507 
995,2118 - 1028,2092 
2137,102 - 2140,153 
777,832 - 795,832 
901,2288 - 904,2301 
2154,74 - 2168,53 
2300,1095 - 2328,1096 
2196,1150 - 2247,1173 
2169,1137 - 2191,1137 
791,2568 - 814,2486 
584,384 - 608,379 
472,454 - 473,426 
851,879 - 855,909 
2241,75 - 2271,47 
2180,1165 - 2211,1135 
1866,1630 - 1893,1625 
983,2106 - 1001,2123 
962,1819 - 1000,1851 
798,2533 - 798,2548 
472,238 - 505,287 
121,1190 - 127,1204 
809,2527 - 810,2564 
935,1619 - 1033,1592 
2337,55 - 2349,46 
631,2137 - 679,2091 
1024,1810 - 1034,1804 
533,275 - 546,275 
1998,1570 - 2025,1557 
2317,22 - 2330,7 
2047,1560 - 2065,1554 
109,1132 - 110,1154 
885,356 - 888,336 
463,274 - 464,284 
755,1612 - 801,1652 
892,1388 - 895,1404 
970,1784 - 973,1812 
465,340 - 477,406 
808,2646 - 812,2605 
2332,49 - 2365,0 
213,2736 - 243,2707 
942,1553 - 963,1530 
105,1323 - 115,1339 
108,1345 - 109,1311 
857,835 - 857,849 
601,719 - 609,746 
689,1093 - 704,1084 
2018,1131 - 2030,1119 
892,2312 - 894,2294 
2075,1553 - 2076,1564 
989,1556 - 990,1577 
2838,81 - 2838,50 
2293,23 - 2293,0 
295,2059 - 315,2043 
181,2752 - 219,2729 
2486,1099 - 2522,1067 
959,1830 - 1044,1897 
968,1781 - 972,1795 
385,157 - 427,176 
841,1114 - 844,1104 
513,2229 - 530,2222 
2256,917 - 2279,895 
975,1751 - 981,1772 
543,2204 - 558,2197 
801,2602 - 808,2589 
875,325 - 880,310 
632,788 - 677,808 
2141,1196 - 2198,1189 
569,327 - 587,355 
2460,1046 - 2476,1035 
992,1670 - 992,1633 
965,2066 - 989,2046 
1708,1650 - 1825,1633 
942,1615 - 999,1607 
956,2165 - 962,2155 
995,1665 - 999,1642 
469,315 - 478,332 
2028,1166 - 2050,1170 
2044,1560 - 2057,1555 
1003,1495 - 1019,1512 
1032,2060 - 1035,2082 
570,640 - 583,624 
997,1592 - 1022,1598 
876,1626 - 910,1631 
385,156 - 448,180 
1060,1533 - 1128,1560 
109,1317 - 109,1345 
966,2160 - 967,2149 
2282,1130 - 2301,1119 
2305,0 - 2353,20 
526,552 - 541,533 
942,2170 - 986,2132 
585,386 - 608,382 
988,1733 - 998,1725 
992,1851 - 1040,1796 
2280,1110 - 2323,1101 
841,2335 - 845,2314 
960,2077 - 1000,2130 
2029,1361 - 2052,1380 
102,1127 - 115,1138 
1971,1140 - 2002,1140 
460,190 - 474,195 
872,1335 - 890,1410 
2172,1153 - 2218,1155 
2213,55 - 2227,26 
2159,1196 - 2177,1195 
2080,1504 - 2103,1544 
103,1176 - 123,1165 
2486,1100 - 2543,1074 
973,1486 - 975,1501 
2482,1110 - 2515,1075 
37,2879 - 55,2867 
462,181 - 478,188 
857,2918 - 879,2918 
1028,2023 - 1029,1952 
805,2553 - 813,2653 
995,2037 - 1017,1979 
868,1394 - 868,1361 
824,2479 - 826,2497 
1097,1550 - 1100,1540 
913,1896 - 914,1885 
941,2173 - 964,2162 
845,1402 - 895,1391 
2396,1051 - 2423,1031 
2560,2359 - 2560,2196 
815,1018 - 836,964 
119,1268 - 136,1298 
799,2544 - 799,2532 
1287,1642 - 1303,1670 
422,2481 - 442,2459 
538,337 - 560,359 
319,2018 - 334,2013 
986,1672 - 999,1655 
775,833 - 794,836 
1545,1743 - 1631,1700 
803,1994 - 827,1972 
2249,60 - 2268,47 
1391,1672 - 1455,1718 
879,328 - 890,358 
745,1615 - 767,1619 
2047,1232 - 2074,1221 
816,2561 - 817,2545 
887,2316 - 921,2238 
823,2351 - 830,2336 
811,2650 - 812,2633 
802,2601 - 803,2640 
1898,2918 - 1924,2918 
839,1318 - 852,1329 
2290,25 - 2309,4 
2464,1084 - 2479,1080 
486,433 - 517,488 
2180,1194 - 2222,1172 
466,269 - 523,282 
2240,165 - 2245,146 
2052,1559 - 2070,1553 
795,2655 - 813,2637 
821,985 - 846,913 
989,1697 - 998,1721 
956,1503 - 963,1537 
2236,1120 - 2238,1106 
1035,1904 - 1035,1884 
1148,1595 - 1178,1574 
817,1009 - 835,1032 
1448,1739 - 1477,1728 
1054,412 - 1062,402 
383,2565 - 388,2614 
866,1365 - 917,1415 
2056,1399 - 2066,1390 
579,2172 - 681,2091 
2125,1129 - 2161,1133 
1953,1594 - 1964,1583 
1895,1627 - 1914,1631 
1582,1979 - 1599,1988 
870,1359 - 877,1385 
543,338 - 554,355 
921,1803 - 935,1800 
912,2256 - 917,2236 
748,2033 - 762,2019 
45,2888 - 60,2872 
517,2229 - 527,2224 
398,2533 - 411,2520 
2236,64 - 2264,46 
1409,1694 - 1439,1701 
574,350 - 592,359 
1148,1609 - 1161,1604 
1333,1673 - 1401,1678 
1279,1773 - 1304,1770 
2052,1359 - 2060,1437 
980,2042 - 997,2027 
2264,67 - 2268,57 
571,633 - 588,717 
2340,36 - 2363,14 
474,302 - 491,321 
957,1863 - 978,1839 
2342,1075 - 2404,1035 
2002,1252 - 2012,1290 
862,1820 - 901,1816 
127,1295 - 138,1296 
823,943 - 841,894 
545,2213 - 572,2178 
2057,1440 - 2061,1416 
902,1820 - 940,1791 
886,1918 - 912,1897 
865,1365 - 870,1383 
44,2886 - 63,2876 
2275,1147 - 2278,1112 
478,457 - 493,454 
1589,2917 - 1608,2917 
2230,174 - 2249,155 
2039,1377 - 2054,1371 
109,1224 - 109,1236 
1102,2918 - 1128,2918 
74,2915 - 105,2915 
2750,1114 - 2783,1124 
874,1338 - 880,1356 
1351,1765 - 1387,1738 
90,2854 - 97,2836 
472,2288 - 508,2255 
2232,1125 - 2280,1126 
181,2744 - 247,2712 
901,2289 - 903,2299 
600,391 - 600,377 
819,1435 - 836,1423 
470,442 - 494,450 
183,2740 - 220,2712 
2382,1044 - 2445,1038 
996,1842 - 999,1872 
2265,71 - 2280,55 
989,2112 - 994,2133 
862,1329 - 874,1366 
890,1385 - 903,1422 
2315,35 - 2344,29 
1407,1698 - 1414,1685 
1227,1737 - 1238,1737 
1033,1598 - 1096,1593 
466,370 - 481,464 
2473,1074 - 2485,1085 
506,2223 - 514,2237 
1973,1143 - 1994,1143 
204,2737 - 209,2722 
2044,1451 - 2066,1480 
1170,1622 - 1196,1597 
998,2130 - 1036,2080 
979,1839 - 983,1853 
2272,1202 - 2272,1174 
386,2588 - 400,2535 
937,1557 - 959,1533 
627,784 - 675,806 
991,1582 - 994,1568 
952,1785 - 974,1805 
842,2334 - 850,2317 
717,1086 - 725,1096 
194,2091 - 204,2088 
2044,1453 - 2075,1399 
714,825 - 755,836 
815,2434 - 824,2471 
2144,1170 - 2156,1169 
1356,1764 - 1396,1738 
581,713 - 582,703 
847,2366 - 853,2316 
533,548 - 572,583 
1293,1650 - 1318,1636 
818,1427 - 822,1439 
822,2379 - 826,2369 
2200,1189 - 2224,1173 
318,2025 - 327,2011 
958,1556 - 981,1541 
1822,1631 - 1922,1626 
570,328 - 579,358 
823,1027 - 825,1005 
589,390 - 613,459 
867,1635 - 894,1625 
617,435 - 626,461 
794,1993 - 805,1983 
146,2114 - 179,2106 
2751,1125 - 2786,1119 
1695,1665 - 1719,1637 
492,314 - 509,309 
855,1968 - 875,1951 
2418,1031 - 2479,1049 
2468,1105 - 2472,1058 
2200,59 - 2233,28 
903,1420 - 917,1409 
106,1330 - 135,1279 
900,2311 - 918,2241 
155,2788 - 159,2778 
2840,1137 - 2840,1114 
892,235 - 938,198 
2204,60 - 2212,45 
2405,1036 - 2449,1035 
672,814 - 705,829 
796,1230 - 805,1207 
528,522 - 553,545 
923,2916 - 949,2916 
2837,81 - 2837,27 
832,2343 - 905,2295 
2524,1068 - 2534,1064 
463,2330 - 471,2310 
2067,1142 - 2098,1139 
471,2295 - 494,2279 
960,1824 - 970,1804 
2209,47 - 2229,25 
117,1210 - 120,1148 
1451,1739 - 1478,1738 
862,1639 - 872,1627 
993,1654 - 996,1584 
1733,1648 - 1743,1644 
2517,1083 - 2531,1015 
946,2177 - 955,2157 
85,2848 - 95,2837 
818,980 - 845,913 
938,1798 - 946,1788 
957,1500 - 976,1489 
694,2093 - 765,2017 
592,435 - 607,432 
2143,1126 - 2168,1136 
570,649 - 576,665 
1662,1677 - 1674,1678 
927,2200 - 931,2183 
2262,1128 - 2312,1082 
2133,1182 - 2136,1194 
595,422 - 616,459 
2516,1037 - 2529,1034 
2252,18 - 2270,15 
751,826 - 762,835 
808,2475 - 824,2434 
1422,1741 - 1448,1710 
2726,1107 - 2761,1121 
673,1084 - 692,1093 
471,442 - 474,391 
359,2639 - 386,2611 
469,327 - 485,328 
2839,266 - 2839,240 
808,2515 - 816,2530 
997,1594 - 1010,1596 
982,1740 - 984,1766 
926,1555 - 936,1557 
975,1755 - 994,1718 
1508,1744 - 1558,1741 
484,216 - 488,228 
875,1339 - 891,1411 
637,2137 - 649,2104 
1155,1730 - 1168,1730 
566,325 - 569,343 
476,2282 - 494,2275 
884,338 - 884,328 
393,150 - 410,162 
953,1553 - 969,1536 
2122,1179 - 2141,1176 
1249,1743 - 1286,1775 
1031,1949 - 1032,1890 
925,39 - 970,7 
856,2917 - 949,2917 
908,1419 - 928,1414 
137,1279 - 139,1297 
2067,1482 - 2071,1498 
1513,1747 - 1530,1748 
2311,33 - 2332,10 
2028,1359 - 2054,1361 
2207,1153 - 2226,1162 
2816,1131 - 2839,1129 
896,1573 - 938,1553 
2051,1396 - 2064,1388 
199,2742 - 226,2712 
2050,1441 - 2088,1414 
493,271 - 507,313 
883,2311 - 888,2297 
1485,1741 - 1508,1740 
836,917 - 849,881 
1031,1915 - 1032,1883 
2272,1113 - 2272,1152 
2812,1122 - 2837,1113 
872,1630 - 906,1625 
1056,414 - 1062,400 
2302,1092 - 2324,1095 
28,2871 - 118,2826 
385,151 - 453,181 
951,1472 - 982,1502 
2307,29 - 2333,11 
2557,2657 - 2557,2637 
2136,1128 - 2159,1131 
2466,1101 - 2539,1069 
998,2133 - 1009,2102 
585,351 - 593,380 
2470,1133 - 2474,1145 
656,2918 - 670,2918 
2161,1127 - 2186,1135 
476,264 - 478,245 
1130,1605 - 1155,1567 
2094,1167 - 2124,1188 
1130,1555 - 1153,1608 
2802,1915 - 2837,1916 
2240,1102 - 2277,1149 
1152,1566 - 1158,1581 
2267,1173 - 2269,1190 
858,869 - 859,836 
1030,1511 - 1056,1529 
100,1167 - 147,1216 
853,2325 - 860,2314 
110,1345 - 111,1311 
961,1839 - 980,1795 
976,2058 - 978,2039 
569,568 - 582,629 
2392,1051 - 2433,1016 
1102,1552 - 1116,1548 
505,294 - 531,278 
1054,413 - 1058,400 
859,885 - 860,838 
914,225 - 935,191 
1030,2056 - 1034,2044 
987,1752 - 999,1720 
2558,2515 - 2558,2505 
691,1096 - 692,1107 
2505,1029 - 2530,1014 
463,381 - 477,408 
297,2055 - 311,2041 
2480,1109 - 2490,1094 
160,2788 - 179,2767 
2365,1055 - 2403,1048 
777,2627 - 825,2650 
435,181 - 485,201 
2578,1081 - 2597,1077 
865,1397 - 881,1346 
2107,1431 - 2122,1446 
541,547 - 574,576 
415,2515 - 419,2501 
753,825 - 756,840 
815,1014 - 832,1037 
601,2151 - 622,2133 
2066,1488 - 2103,1539 
2108,1180 - 2153,1170 
423,2477 - 443,2455 
925,1419 - 949,1442 
2081,1203 - 2121,1178 
2324,46 - 2350,12 
954,1612 - 967,1613 
803,2568 - 816,2464 
2197,87 - 2239,47 
976,1750 - 991,1750 
483,303 - 552,350 
1019,1976 - 1034,1966 
2593,1057 - 2638,1090 
999,2116 - 1039,2061 
2026,1349 - 2036,1345 
180,2741 - 191,2731 
2029,1166 - 2042,1166 
584,714 - 617,720 
2046,1391 - 2059,1383 
904,2252 - 909,2279 
119,1266 - 146,1232 
492,283 - 550,276 
58,2882 - 70,2853 
610,747 - 620,714 
44,2888 - 59,2872 
854,875 - 862,853 
2473,1034 - 2510,1031 
2235,123 - 2248,159 
957,1528 - 987,1551 
105,1178 - 131,1195 
1006,2003 - 1008,2013 
818,836 - 839,834 
421,2502 - 427,2469 
977,1856 - 984,1846 
844,834 - 856,844 
2337,1076 - 2390,1041 
2239,1104 - 2242,1124 
646,2110 - 665,2094 
467,331 - 473,366 
1555,1740 - 1571,1736 
2321,41 - 2348,13 
1010,1991 - 1034,1967 
2135,109 - 2148,134 
815,2643 - 816,2657 
2219,171 - 2239,166 
920,1410 - 956,1464 
2720,1110 - 2766,1124 
1664,1676 - 1677,1677 
874,1957 - 879,1928 
720,1127 - 774,1155 
751,1614 - 766,1617 
2225,27 - 2226,49 
470,449 - 491,445 
430,2464 - 440,2454 
2266,73 - 2279,53 
1345,1765 - 1370,1757 
952,1520 - 986,1547 
816,2702 - 826,2680 
548,2204 - 590,2168 
850,2368 - 858,2315 
480,244 - 488,208 
813,1984 - 831,1977 
1140,1601 - 1161,1573 
1408,1700 - 1432,1697 
1692,1663 - 1705,1661 
294,2062 - 317,2043 
849,897 - 850,880 
1166,1617 - 1182,1601 
705,1084 - 716,1085 
833,974 - 834,928 
281,91 - 281,7 
2281,1117 - 2301,1121 
513,2230 - 646,2115 
2266,1138 - 2278,1138 
1469,1740 - 1484,1737 
684,2097 - 704,2089 
855,2346 - 872,2348 
909,224 - 910,213 
978,2150 - 1026,2092 
2236,1116 - 2271,1130 
2606,1915 - 2649,1915 
2036,1372 - 2043,1357 
1027,1962 - 1038,1955 
880,1816 - 922,1807 
929,2196 - 933,2181 
418,2493 - 462,2403 
903,2257 - 909,2246 
827,2338 - 893,2297 
925,1843 - 940,1865 
2031,1357 - 2042,1351 
1872,1627 - 1882,1625 
1453,1736 - 1473,1723 
40,2881 - 79,2849 
819,1021 - 827,1001 
989,1696 - 998,1644 
91,1159 - 128,1160 
2237,132 - 2240,110 
531,526 - 534,510 
1138,1572 - 1141,1562 
1088,1751 - 1107,1745 
1403,1742 - 1449,1712 
631,2138 - 656,2105 
771,1632 - 790,1637 
579,383 - 607,379 
856,1971 - 867,1967 
210,2737 - 236,2712 
142,2120 - 165,2097 
1053,399 - 1059,411 
569,657 - 576,677 
2336,2914 - 2346,2914 
2271,1196 - 2284,1181 
1024,2084 - 1039,2075 
798,1214 - 800,1225 
1921,1629 - 1926,1611 
2004,1135 - 2019,1135 
1037,2055 - 1039,2068 
1619,1709 - 1631,1693 
647,2107 - 702,2086 
2319,38 - 2341,14 
526,551 - 541,532 
2416,1052 - 2446,1029 
1337,1650 - 1341,1673 
2814,1128 - 2836,1127 
807,1269 - 811,1280 
2121,1130 - 2161,1134 
2183,1156 - 2189,1191 
958,1494 - 1008,1501 
2636,1082 - 2642,1095 
959,24 - 964,7 
604,733 - 618,709 
1589,2918 - 1609,2918 
2007,1134 - 2053,1135 
998,1839 - 1012,1882 
2237,65 - 2263,47 
2080,1215 - 2085,1205 
835,1090 - 845,1077 
2264,41 - 2270,68 
1022,1936 - 1033,1926 
1419,1710 - 1439,1708 
1017,1980 - 1039,2069 
1287,1646 - 1301,1645 
2044,1459 - 2062,1429 
2239,48 - 2243,25 
2328,31 - 2344,14 
2030,1321 - 2032,1367 
1660,1682 - 1731,1645 
106,1329 - 115,1313 
595,547 - 603,519 
577,614 - 581,596 
816,1448 - 851,1403 
762,2014 - 777,1998 
974,1551 - 975,1539 
885,2317 - 907,2266 
1002,1838 - 1054,1772 
1927,3 - 1944,3 
2209,1184 - 2229,1171 
2080,1401 - 2115,1443 
800,2592 - 801,2641 
510,2250 - 516,2230 
474,296 - 551,347 
1919,1716 - 1935,1698 
853,1396 - 863,1400 
2268,1140 - 2271,1195 
2225,1134 - 2242,1102 
573,348 - 588,355 
160,2787 - 179,2769 
2106,1142 - 2117,1137 
32,2874 - 47,2861 
960,2086 - 993,2123 
606,717 - 614,757 
819,1432 - 834,1424 
603,424 - 613,483 
1117,1604 - 1150,1605 
303,2050 - 317,2045 
2176,1131 - 2188,1191 
892,1411 - 919,1415 
2238,67 - 2267,45 
113,1159 - 123,1162 
464,2323 - 467,2313 
2533,2911 - 2543,2911 
823,2514 - 824,2492 
2057,1381 - 2085,1409 
367,2916 - 381,2916 
2839,81 - 2839,51 
971,1814 - 973,1775 
850,1831 - 872,1829 
1828,1627 - 1858,1626 
1041,1908 - 1041,1889 
128,1288 - 135,1278 
124,1172 - 127,1158 
2037,1374 - 2046,1355 
897,1574 - 914,1562 
1434,1735 - 1473,1737 
730,1617 - 764,1615 
2558,2087 - 2558,2074 
2840,79 - 2840,51 
2334,52 - 2353,52 
1107,1601 - 1127,1601 
2057,1402 - 2082,1403 
2461,1104 - 2490,1097 
112,1311 - 140,1284 
835,1031 - 842,1082 
2270,1187 - 2282,1179 
1157,1568 - 1164,1582 
2156,75 - 2171,51 
1006,2000 - 1029,1999 
375,2630 - 379,2619 
2460,1040 - 2476,1067 
2030,1364 - 2056,1364 
2559,1080 - 2598,1063 
2121,1129 - 2153,1123 
2394,1040 - 2410,1055 
2333,50 - 2345,40 
2075,1219 - 2083,1202 
1022,1934 - 1033,1924 
450,192 - 463,198 
292,2065 - 307,2050 
1268,1765 - 1293,1773 
2364,1056 - 2374,1048 
2231,177 - 2249,157 
987,2115 - 987,2141 
159,2105 - 206,2089 
1409,1739 - 1422,1742 
966,2064 - 988,2038 
2556,2247 - 2556,2232 
553,560 - 571,543 
818,1430 - 820,1455 
2304,1091 - 2315,1084 
2336,54 - 2348,45 
826,1028 - 826,1011 
2427,1012 - 2435,1042 
916,1813 - 945,1788 
1415,1702 - 1427,1692 
1144,1611 - 1179,1607 
905,232 - 939,199 
879,332 - 881,312 
36,2878 - 52,2860 
992,1699 - 994,1717 
833,1087 - 845,1117 
669,809 - 679,810 
511,311 - 522,329 
835,961 - 842,940 
861,1643 - 874,1628 
1021,1973 - 1038,1962 
2801,1912 - 2811,1912 
914,1807 - 928,1804 
1061,1536 - 1073,1531 
2149,1129 - 2165,1136 
923,2194 - 923,2213 
2197,83 - 2264,13 
806,2519 - 816,2463 
1110,1602 - 1157,1604 
575,669 - 580,712 
469,446 - 482,442 
511,471 - 517,483 
954,1510 - 967,1489 
494,285 - 511,287 
820,2518 - 824,2472 
1208,1725 - 1261,1755 
826,1972 - 868,1965 
1422,1693 - 1501,1745 
814,2478 - 824,2465 
2652,1089 - 2776,1125 
769,834 - 783,836 
630,456 - 635,475 
926,186 - 937,198 
817,2685 - 819,2727 
1385,1741 - 1401,1738 
474,429 - 488,442 
2077,1143 - 2119,1134 
1297,1768 - 1350,1765 
568,329 - 576,354 
918,1638 - 940,1616 
472,2287 - 503,2259 
649,2111 - 675,2092 
2465,1102 - 2481,1082 
2026,1130 - 2062,1142 
780,2624 - 797,2647 
2028,1358 - 2037,1346 
463,341 - 498,310 
807,2732 - 809,2742 
2195,88 - 2216,68 
475,457 - 495,451 
2003,1159 - 2027,1161 
854,1325 - 876,1361 
103,1132 - 124,1176 
110,1238 - 131,1248 
924,1846 - 937,1865 
895,236 - 935,197 
2513,2916 - 2546,2916 
318,2019 - 331,2013 
2238,83 - 2260,60 
1936,1602 - 1948,1598 
595,523 - 599,537 
471,302 - 495,316 
1403,1743 - 1422,1743 
2023,1164 - 2049,1167 
464,280 - 477,313 
826,1299 - 843,1314 
483,194 - 486,204 
936,1419 - 950,1461 
982,1552 - 983,1542 
823,2353 - 826,2371 
2323,1078 - 2340,1083 
694,1111 - 754,1152 
2334,38 - 2347,14 
1151,1575 - 1167,1573 
2560,1916 - 2560,1991 
982,2053 - 1007,1998 
977,2042 - 993,2033 
2221,1136 - 2241,1123 
994,2120 - 1014,2111 
824,839 - 835,833 
1004,2007 - 1025,1993 
110,1221 - 111,1242 
177,2752 - 218,2711 
552,277 - 562,292 
187,2731 - 215,2721 
899,1573 - 915,1562 
864,572 - 868,562 
836,1174 - 837,1187 
931,1522 - 961,1516 
2142,154 - 2145,126 
1036,1597 - 1050,1603 
1038,1797 - 1065,1763 
2218,58 - 2244,28 
838,1095 - 846,1064 
981,2106 - 996,2133 
852,838 - 852,848 
2226,26 - 2226,38 
307,2028 - 316,2043 
386,2572 - 413,2517 
595,436 - 607,434 
782,2632 - 815,2549 
815,2525 - 817,2561 
802,2728 - 818,2753 
2268,74 - 2273,49 
174,2773 - 187,2737 
597,543 - 598,513 
943,2168 - 965,2161 
587,1587 - 597,1587 
127,1287 - 133,1275 
2148,1168 - 2187,1153 
903,1411 - 904,1401 
1075,1761 - 1096,1745 
2474,1132 - 2476,1148 
834,1029 - 834,1043 
974,1611 - 996,1634 
2511,1032 - 2524,1043 
1465,3 - 1477,3 
1069,1529 - 1086,1543 
91,2849 - 101,2843 
589,455 - 605,386 
817,1440 - 883,1356 
1419,1716 - 1440,1703 
2310,6 - 2330,5 
2250,2918 - 2260,2918 
2153,63 - 2181,51 
2003,1264 - 2006,1247 
881,1923 - 921,1877 
1756,1647 - 1774,1641 
985,1765 - 999,1653 
50,2886 - 64,2855 
2754,1916 - 2824,1916 
601,479 - 627,452 
428,2467 - 458,2433 
2268,1132 - 2301,1118 
892,1400 - 933,1416 
1105,1554 - 1126,1553 
947,2162 - 979,2140 
1060,1535 - 1112,1546 
2204,58 - 2234,25 
592,457 - 627,453 
2227,1166 - 2240,1171 
2033,1368 - 2042,1356 
591,441 - 600,424 
114,1213 - 131,1196 
492,319 - 514,318 
2314,34 - 2318,23 
855,2316 - 860,2331 
1146,1563 - 1161,1584 
2024,1319 - 2035,1333 
836,1143 - 844,1110 
982,1840 - 985,1852 
2269,60 - 2271,48 
1973,1137 - 1995,1142 
2617,1085 - 2630,1080 
297,2063 - 317,2047 
2109,1438 - 2132,1445 
839,2324 - 870,2305 
2500,999 - 2507,976 
2425,1028 - 2474,1060 
2306,29 - 2322,24 
2092,1528 - 2103,1537 
109,1179 - 125,1189 
2006,1138 - 2034,1119 
1403,1684 - 1418,1685 
772,1633 - 804,1654 
2584,1066 - 2606,1064 
2532,1065 - 2563,1081 
918,1565 - 933,1554 
527,500 - 550,561 
1137,1737 - 1154,1735 
803,1178 - 826,1196 
787,2618 - 793,2601 
752,1615 - 791,1643 
90,2849 - 112,2823 
762,2015 - 779,1998 
917,1637 - 932,1620 
825,2694 - 826,2666 
2420,1052 - 2444,1028 
1971,1138 - 1994,1139 
2093,1553 - 2097,1529 
2093,1172 - 2105,1172 
127,1252 - 128,1302 
985,1676 - 997,1662 
658,2917 - 669,2917 
2318,19 - 2369,7 
2079,1565 - 2091,1550 
2151,65 - 2181,45 
2170,1154 - 2190,1156 
1634,1697 - 1636,1687 
815,2429 - 824,2467 
1286,1643 - 1308,1674 
369,155 - 413,162 
2537,2910 - 2560,2910 
825,923 - 857,904 
968,1616 - 995,1582 
996,2020 - 1009,2007 
843,2319 - 844,2332 
2831,1112 - 2842,1114 
571,691 - 619,755 
64,1842 - 71,1859 
2518,1075 - 2529,1013 
1311,1637 - 1329,1639 
2034,1326 - 2041,1385 
601,476 - 622,448 
536,553 - 554,548 
795,1993 - 815,1978 
2403,1051 - 2420,1039 
2196,47 - 2202,80 
1145,1588 - 1158,1571 
299,2054 - 311,2042 
1255,1754 - 1279,1768 
458,181 - 464,199 
2296,1099 - 2322,1103 
819,2679 - 830,2694 
114,1214 - 133,1205 
856,1325 - 876,1360 
866,2310 - 888,2315 
537,534 - 548,535 
678,1084 - 691,1095 
666,806 - 676,807 
27,2869 - 57,2869 
958,1497 - 976,1501 
105,1322 - 106,1311 
675,151 - 677,165 
529,550 - 552,542 
812,2743 - 814,2731 
592,431 - 601,484 
841,1119 - 844,1107 
2419,1051 - 2446,1031 
985,1681 - 998,1666 
62,2879 - 62,2855 
2558,1079 - 2595,1057 
2801,1914 - 2812,1914 
236,2335 - 240,2325 
701,1119 - 773,1157 
913,1887 - 944,1865 
770,1617 - 794,1653 
970,1803 - 980,1793 
621,773 - 658,799 
1133,1734 - 1160,1732 
2474,1053 - 2477,1037 
871,2305 - 883,2300 
1405,1685 - 1428,1693 
1013,1876 - 1025,1880 
2606,1914 - 2650,1914 
149,2111 - 179,2104 
1162,1613 - 1195,1601 
427,181 - 475,201 
118,2124 - 145,2115 
877,320 - 888,347 
2079,1561 - 2102,1548 
914,1813 - 923,1803 
297,1457 - 307,1451 
846,1830 - 877,1824 
468,329 - 483,330 
853,1971 - 875,1947 
875,322 - 879,308 
826,1290 - 830,1310 
104,1133 - 122,1149 
463,2333 - 469,2356 
2428,1009 - 2475,1063 
2295,1104 - 2323,1081 
471,2294 - 500,2266 
782,1996 - 803,1990 
988,1620 - 1011,1599 
1464,6 - 1475,6 
2298,25 - 2319,37 
472,183 - 484,195 
465,260 - 478,270 
961,26 - 966,4 
1033,1943 - 1038,1961 
1070,1594 - 1102,1595 
900,1410 - 948,1437 
2030,1350 - 2055,1361 
2266,1137 - 2301,1117 
2016,1288 - 2020,1304 
2239,1103 - 2243,1124 
2520,1075 - 2523,1085 
931,1523 - 954,1520 
594,425 - 607,430 
2116,1175 - 2127,1188 
961,1555 - 982,1542 
872,1632 - 893,1625 
2204,85 - 2215,53 
1384,367 - 1394,366 
872,1960 - 879,1937 
2334,43 - 2344,33 
962,1821 - 975,1857 
2242,134 - 2242,163 
973,1857 - 985,1841 
990,1626 - 997,1596 
1724,3 - 1749,3 
113,1185 - 113,1155 
815,1427 - 828,1428 
916,219 - 932,204 
1035,1519 - 1046,1517 
817,2749 - 834,2717 
828,926 - 842,893 
691,822 - 710,823 
387,2561 - 396,2533 
2200,1134 - 2220,1136 
2277,23 - 2285,6 
2503,1007 - 2507,979 
457,181 - 460,197 
1466,4 - 1477,4 
2106,1176 - 2109,1190 
807,2517 - 809,2558 
1993,1571 - 2016,1560 
2014,1240 - 2072,1221 
2238,26 - 2238,44 
843,1406 - 862,1401 
2213,62 - 2255,9 
2473,1035 - 2478,1051 
1155,1602 - 1161,1612 
929,2186 - 978,2149 
1926,1620 - 1928,1607 
830,2504 - 831,2493 
875,1361 - 881,1378 
584,385 - 612,386 
438,2459 - 458,2430 
2528,1040 - 2533,1016 
1660,1678 - 1685,1673 
1350,1761 - 1375,1746 
603,733 - 608,716 
1338,1652 - 1341,1662 
129,1299 - 136,1282 
838,908 - 845,889 
2646,1085 - 2652,1097 
45,2889 - 60,2873 
2430,1046 - 2444,1032 
58,2877 - 59,2857 
797,2649 - 797,2634 
688,1092 - 701,1085 
964,1551 - 991,1562 
2050,1463 - 2088,1515 
570,371 - 589,371 
2607,1917 - 2651,1916 
2228,34 - 2243,30 
848,2316 - 882,2301 
995,1853 - 1003,1880 
2315,1106 - 2340,1075 
477,442 - 492,447 
571,628 - 584,624 
1452,1717 - 1476,1725 
2031,1366 - 2032,1347 
1022,1971 - 1023,2001 
558,282 - 568,292 
129,1297 - 138,1282 
2414,2903 - 2415,2917 
975,1772 - 980,1742 
2535,2918 - 2546,2918 
918,222 - 935,198 
960,1505 - 991,1500 
835,902 - 840,944 
814,2385 - 827,2365 
797,1239 - 809,1267 
2071,1553 - 2085,1554 
2190,86 - 2208,78 
2259,59 - 2269,47 
2321,42 - 2339,24 
84,1152 - 104,1130 
839,2337 - 872,2354 
2275,1123 - 2292,1110 
857,1968 - 879,1939 
750,1154 - 751,1144 
512,2232 - 546,2207 
2238,81 - 2240,36 
816,2730 - 828,2707 
102,2842 - 132,2804 
814,1428 - 821,1440 
1931,1606 - 1963,1582 
960,1826 - 970,1816 
986,1736 - 990,1746 
1862,1626 - 1897,1635 
863,568 - 872,558 
2274,1136 - 2288,1105 
816,2749 - 830,2723 
2586,1080 - 2655,1087 
860,874 - 861,852 
781,2621 - 783,2631 
889,2296 - 899,2311 
614,739 - 623,778 
964,2070 - 966,2100 
800,2729 - 813,2732 
955,1486 - 1016,1504 
2468,1039 - 2488,1102 
974,1753 - 987,1736 
2077,1564 - 2101,1550 
114,1157 - 125,1156 
99,2845 - 106,2827 
2209,57 - 2224,53 
926,45 - 967,6 
962,1502 - 962,1486 
1286,1642 - 1302,1644 
2261,63 - 2270,34 
314,2918 - 333,2918 
904,1567 - 934,1554 
464,374 - 478,331 
478,468 - 483,431 
355,2640 - 383,2613 
1418,1715 - 1422,1688 
2608,1916 - 2629,1916 
580,580 - 581,593 
414,2516 - 422,2479 
997,1601 - 1009,1602 
1020,1816 - 1032,1807 
1420,1741 - 1435,1730 
430,2466 - 442,2460 
2513,1083 - 2539,1070 
823,942 - 831,976 
954,1512 - 975,1485 
474,228 - 481,252 
1379,284 - 1389,282 
212,2734 - 219,2711 
2640,1083 - 2649,1093 
2814,1118 - 2824,1133 
795,1222 - 814,1207 
957,1556 - 968,1541 
833,1028 - 833,1040 
654,2100 - 702,2091 
2629,1083 - 2648,1096 
880,1926 - 934,1869 
1718,1635 - 1725,1645 
788,1640 - 807,1653 
2193,1148 - 2225,1161 
85,1155 - 99,1165 
2177,1131 - 2189,1187 
826,1300 - 853,1324 
112,1139 - 112,1152 
161,2789 - 167,2772 
129,1276 - 134,1293 
924,2193 - 924,2205 
2103,2917 - 2114,2917 
874,2321 - 900,2306 
577,380 - 582,355 
2044,1458 - 2076,1402 
966,1782 - 971,1800 
1867,1631 - 1880,1629 
162,2789 - 187,2733 
1728,1644 - 1744,1647 
463,2346 - 464,2319 
173,2774 - 192,2731 
597,717 - 600,729 
2814,1123 - 2820,1133 
128,1250 - 139,1246 
1346,1671 - 1372,1673 
966,1842 - 999,1838 
2301,1114 - 2330,1093 
925,2192 - 945,2177 
760,2011 - 791,1994 
2253,11 - 2292,2 
1050,1776 - 1078,1752 
2199,46 - 2200,61 
2017,1238 - 2037,1230 
290,2682 - 307,2660 
850,2362 - 852,2317 
40,2882 - 55,2872 
1550,1742 - 1625,1704 
1145,1566 - 1178,1579 
594,473 - 606,450 
808,2473 - 815,2461 
465,258 - 498,275 
657,2106 - 676,2092 
2098,1551 - 2099,1538 
594,721 - 620,717 
2103,2918 - 2114,2918 
826,2368 - 831,2357 
1133,1567 - 1144,1563 
2121,1179 - 2147,1173 
42,2884 - 63,2883 
113,1309 - 114,1342 
965,2067 - 993,2034 
118,1263 - 129,1249 
1024,1992 - 1030,2002 
1494,142 - 1509,137 
294,2687 - 323,2652 
556,281 - 564,294 
2139,149 - 2144,124 
2470,1131 - 2475,1146 
2236,1111 - 2247,1124 
819,1300 - 824,1290 
2195,57 - 2208,57 
802,830 - 833,832 
1316,1676 - 1350,1671 
481,191 - 487,210 
2267,29 - 2276,4 
2209,152 - 2221,171 
636,793 - 651,804 
284,485 - 284,467 
587,709 - 602,722 
536,548 - 539,528 
1053,412 - 1055,398 
2191,1191 - 2202,1184 
596,412 - 601,393 
1379,1745 - 1406,1739 
970,1855 - 979,1844 
509,283 - 513,293 
794,2596 - 795,2608 
617,457 - 631,462 
2028,1347 - 2029,1363 
570,652 - 571,690 
918,1634 - 928,1622 
852,878 - 862,871 
154,2789 - 158,2779 
2267,74 - 2280,54 
2131,1182 - 2161,1159 
740,1144 - 771,1157 
2838,267 - 2838,241 
959,1509 - 959,1480 
700,1085 - 719,1087 
648,803 - 664,805 
365,2917 - 380,2917 
1904,6 - 1918,32 
502,2225 - 518,2224 
85,2847 - 94,2837 
990,1850 - 1006,1866 
954,1483 - 956,1465 
576,352 - 594,361 
465,265 - 467,252 
2430,1012 - 2445,1040 
2409,1055 - 2418,1032 
1100,1542 - 1107,1555 
866,1364 - 882,1351 
853,849 - 869,850 
505,309 - 524,330 
219,2715 - 236,2707 
2011,1243 - 2021,1240 
464,2332 - 479,2281 
487,434 - 518,488 
865,1330 - 879,1342 
1380,282 - 1390,280 
2206,1153 - 2227,1163 
2526,1070 - 2573,1081 
801,1260 - 828,1292 
867,1390 - 879,1378 
1623,1707 - 1645,1685 
809,2646 - 818,2662 
777,2633 - 801,2609 
885,327 - 890,349 
2004,1158 - 2011,1133 
987,1734 - 992,1749 
171,2775 - 177,2759 
973,1616 - 1004,1597 
608,475 - 628,454 
1209,1725 - 1251,1744 
581,345 - 587,367 
668,802 - 673,814 
912,1814 - 921,1804 
314,2917 - 333,2917 
469,384 - 469,291 
853,2335 - 906,2292 
1046,404 - 1058,406 
2397,1052 - 2410,1037 
145,2791 - 178,2771 
2536,2917 - 2546,2917 
73,2852 - 93,2852 
291,2682 - 296,2668 
2005,1267 - 2008,1245 
876,326 - 880,312 
1586,1982 - 1597,1992 
2593,1060 - 2598,1077 
991,2116 - 1027,2090 
118,1208 - 127,1174 
121,2126 - 147,2118 
293,2686 - 309,2661 
960,2088 - 970,2102 
1905,1628 - 1920,1624 
1017,1824 - 1046,1781 
962,1861 - 978,1844 
630,2133 - 640,2127 
909,1564 - 930,1554 
511,2237 - 560,2190 
571,642 - 576,623 
985,1847 - 1002,1840 
601,457 - 610,471 
1381,1673 - 1400,1677 
795,831 - 827,839 
1407,1699 - 1431,1700 
870,2313 - 888,2302 
2837,267 - 2837,242 
993,1721 - 998,1702 
1193,664 - 1193,677 
1147,1563 - 1163,1578 
862,1384 - 864,1399 
949,1861 - 960,1862 
573,619 - 583,627 
751,825 - 775,841 
884,355 - 885,334 
581,354 - 591,359 
2313,33 - 2323,19 
749,1615 - 762,1612 
2033,1367 - 2049,1357 
2536,2909 - 2560,2909 
836,2329 - 851,2324 
178,2749 - 197,2733 
2400,1041 - 2412,1052 
2818,1133 - 2828,1131 
2054,1136 - 2066,1142 
759,1142 - 763,1154 
2192,1191 - 2226,1168 
967,2160 - 969,2148 
1121,1549 - 1163,1584 
480,253 - 485,277 
716,2069 - 731,2055 
2257,2901 - 2263,2911 
98,2843 - 104,2829 
970,1497 - 986,1502 
1144,1585 - 1171,1609 
853,850 - 871,851 
111,1218 - 126,1203 
1591,1718 - 1620,1704 
908,2231 - 913,2268 
218,2090 - 231,2078 
1026,1888 - 1040,1888 
2331,49 - 2344,39 
1099,1552 - 1114,1547 
799,1224 - 803,1264 
2496,1025 - 2523,1041 
722,826 - 739,842 
2174,1131 - 2185,1189 
944,1868 - 972,1844 
2298,1122 - 2310,1085 
2558,2657 - 2558,2637 
214,2090 - 229,2076 
519,477 - 535,510 
2253,20 - 2255,8 
2338,48 - 2339,31 
2182,45 - 2194,47 
311,2029 - 331,2015 
967,2096 - 994,2119 
2191,50 - 2242,34 
2039,1379 - 2048,1359 
1166,1618 - 1191,1599 
894,1403 - 895,1392 
989,2128 - 993,2117 
886,2317 - 900,2309 
2085,1166 - 2148,1196 
636,792 - 674,805 
1395,1674 - 1407,1683 
595,526 - 600,507 
964,1836 - 1006,1881 
914,2235 - 921,2197 
2192,82 - 2202,87 
977,1779 - 977,1748 
2257,56 - 2278,10 
836,2330 - 853,2352 
450,2426 - 451,2436 
477,297 - 488,327 
2269,1174 - 2283,1181 
2416,1039 - 2479,1045 
2839,1136 - 2839,1117 
2213,70 - 2237,42 
925,206 - 930,187 
1928,4 - 1944,4 
916,1882 - 927,1872 
2237,164 - 2247,153 
1362,0 - 1373,0 
986,1563 - 988,1553 
2248,60 - 2269,50 
2268,34 - 2284,23 
615,415 - 621,434 
2290,1125 - 2290,1110 
973,1615 - 997,1591 
826,1298 - 845,1324 
1717,1638 - 1729,1645 
573,618 - 581,629 
109,1176 - 119,1200 
925,40 - 969,8 
1014,1991 - 1024,1991 
231,2721 - 244,2708 
991,1603 - 1004,1598 
2318,20 - 2323,8 
1367,1759 - 1392,1739 
2463,1052 - 2467,1039 
1417,1705 - 1430,1696 
843,1102 - 845,1060 
475,185 - 475,212 
1960,1589 - 1974,1575 
795,2643 - 805,2644 
311,2038 - 334,2015 
2395,1039 - 2409,1052 
2396,1048 - 2407,1053 
2053,1397 - 2064,1395 
568,298 - 568,316 
2030,1351 - 2035,1371 
583,603 - 584,592 
1230,1739 - 1256,1750 
2320,41 - 2327,31 
750,2032 - 765,2018 
1410,1683 - 1423,1689 
604,734 - 617,709 
1061,1524 - 1082,1538 
871,1383 - 871,1365 
544,2211 - 562,2189 
956,1863 - 969,1843 
593,425 - 606,429 
1251,2856 - 1257,2883 
818,978 - 835,962 
2050,1392 - 2063,1390 
1891,1625 - 1919,1630 
2239,83 - 2240,68 
311,2669 - 332,2643 
895,230 - 920,221 
765,2014 - 793,1986 
530,512 - 542,547 
971,1498 - 985,1502 
817,1430 - 828,1430 
644,2114 - 654,2114 
1931,1609 - 1950,1590 
629,770 - 636,794 
2411,1039 - 2424,1029 
1934,1607 - 1984,1570 
2335,2915 - 2346,2915 
2298,1097 - 2327,1080 
2236,129 - 2243,151 
929,45 - 938,31 
1364,1672 - 1384,1676 
578,1835 - 587,1849 
503,2226 - 522,2226 
2587,1081 - 2600,1078 
2200,51 - 2204,61 
2279,1111 - 2280,1125 
2838,1137 - 2838,1113 
2212,1153 - 2222,1158 
124,1300 - 132,1290 
1828,108 - 1834,119 
678,1085 - 700,1118 
815,1984 - 824,1974 
1281,1775 - 1306,1765 
2259,1123 - 2271,1145 
804,2737 - 826,2734 
814,2381 - 836,2339 
394,151 - 398,162 
107,1131 - 123,1163 
2366,12 - 2374,1 
964,1841 - 977,1839 
2006,1271 - 2009,1244 
1004,1878 - 1005,1859 
606,735 - 620,718 
2209,149 - 2229,169 
774,2631 - 798,2595 
1057,414 - 1059,402 
603,382 - 609,409 
872,1951 - 876,1936 
928,2187 - 942,2181 
1961,1583 - 1977,1578 
1860,1627 - 1873,1626 
284,795 - 284,779 
2607,1913 - 2630,1913 
506,470 - 524,478 
2751,1124 - 2788,1117 
919,222 - 930,192 
965,1555 - 966,1534 
1055,1526 - 1104,1553 
475,417 - 483,452 
390,150 - 407,165 
609,480 - 611,460 
460,181 - 482,248 
981,2146 - 982,2136 
608,732 - 612,751 
1767,1646 - 1794,1637 
2206,49 - 2207,61 
866,1638 - 875,1627 
2501,1005 - 2505,986 
819,1299 - 853,1329 
2150,1128 - 2161,1132 
1920,1625 - 1928,1609 
474,442 - 488,436 
614,2143 - 642,2129 
384,2563 - 389,2586 
470,2298 - 483,2282 
2471,1145 - 2472,1131 
1666,1675 - 1689,1670 
572,376 - 588,389 
115,2122 - 148,2117 
2146,143 - 2148,131 
1308,1638 - 1330,1640 
970,1542 - 982,1541 
305,2661 - 369,2634 
2606,1063 - 2615,1084 
1143,1578 - 1143,1568 
542,533 - 549,556 
856,2349 - 860,2325 
833,912 - 847,913 
1029,1889 - 1039,1887 
938,1621 - 950,1613 
2043,1387 - 2056,1367 
571,571 - 583,625 
2329,1095 - 2341,1073 
510,2249 - 515,2227 
963,1555 - 972,1543 
2815,1129 - 2826,1126 
451,180 - 453,193 
961,1514 - 977,1496 
797,831 - 828,839 
742,1136 - 778,1156 
905,1415 - 915,1408 
797,2549 - 805,2577 
463,2368 - 466,2379 
836,1149 - 845,1129 
2801,1913 - 2811,1913 
592,397 - 605,401 
2625,1079 - 2651,1097 
314,2023 - 328,2016 
2062,1417 - 2064,1432 
1305,1769 - 1325,1767 
883,1917 - 893,1905 
1421,1712 - 1441,1704 
608,478 - 610,488 
386,2556 - 397,2544 
182,2099 - 195,2090 
137,2799 - 162,2788 
111,1344 - 112,1327 
595,545 - 597,521 
371,2632 - 394,2627 
758,840 - 768,834 
828,927 - 854,909 
531,337 - 550,344 
960,2087 - 974,2104 
2138,1195 - 2157,1193 
1158,1613 - 1198,1599 
837,899 - 849,908 
381,2622 - 392,2609 
2246,1117 - 2271,1144 
1496,1743 - 1511,1742 
766,2002 - 788,1993 
595,440 - 607,437 
2258,1212 - 2268,1196 
724,827 - 740,842 
114,1247 - 130,1249 
646,2123 - 651,2107 
938,1865 - 961,1858 
282,664 - 282,602 
530,554 - 544,555 
949,2161 - 966,2152 
2501,1084 - 2513,1076 
2474,1078 - 2485,1087 
1020,1932 - 1033,1929 
2185,1141 - 2186,1163 
2023,1316 - 2025,1302 
2028,1131 - 2030,1120 
43,2886 - 55,2859 
347,844 - 353,861 
421,2499 - 423,2478 
2139,111 - 2143,153 
1028,1957 - 1029,1979 
1416,1712 - 1431,1728 
826,921 - 837,931 
428,2468 - 440,2455 
2334,51 - 2347,43 
1030,1952 - 1038,1934 
911,2218 - 916,2243 
847,2315 - 889,2301 
2557,2536 - 2557,2513 
472,414 - 472,375 
598,725 - 616,709 
594,439 - 622,433 
1695,1662 - 1705,1660 
466,2341 - 469,2352 
794,2609 - 796,2536 
96,2845 - 101,2832 
827,2341 - 845,2357 
2231,175 - 2249,156 
2182,1166 - 2186,1141 
114,1181 - 131,1205 
588,390 - 588,368 
1408,1742 - 1424,1741 
573,617 - 581,628 
534,2219 - 548,2199 
1007,1997 - 1036,1971 
119,1271 - 140,1297 
823,2349 - 833,2343 
575,610 - 584,600 
441,2450 - 457,2432 
2044,1388 - 2065,1388 
565,334 - 575,339 
180,2737 - 244,2711 
2048,1393 - 2063,1391 
827,955 - 829,993 
388,2560 - 412,2510 
1418,2631 - 1435,2635 
1031,2060 - 1033,2040 
842,1407 - 883,1390 
2240,62 - 2270,49 
2257,1128 - 2306,1094 
2154,69 - 2181,46 
2286,24 - 2305,1 
594,424 - 628,464 
910,2241 - 926,2241 
1617,1704 - 1637,1689 
1160,1568 - 1176,1575 
2248,1117 - 2275,1144 
781,2628 - 800,2642 
2308,30 - 2322,25 
2110,1179 - 2131,1186 
2250,2917 - 2260,2917 
2119,1445 - 2131,1443 
2269,1172 - 2270,1154 
364,2632 - 391,2609 
960,2084 - 991,2117 
2240,1121 - 2242,1101 
1022,1930 - 1039,1914 
858,1833 - 865,1823 
50,2881 - 59,2871 
763,2011 - 775,1999 
1468,5 - 1479,5 
624,779 - 677,816 
999,2132 - 1003,2121 
2262,64 - 2267,46 
604,443 - 612,411 
2844,1454 - 2844,1182 
2264,66 - 2273,55 
2020,1311 - 2020,1296 
862,1822 - 883,1820 
80,2849 - 118,2824 
2096,1420 - 2108,1437 
184,2748 - 228,2709 
980,1748 - 983,1767 
2322,23 - 2348,49 
101,1124 - 115,1137 
2437,1040 - 2442,1027 
202,2738 - 207,2723 
1201,1729 - 1220,1727 
972,1857 - 973,1844 
629,455 - 632,472 
117,1255 - 142,1238 
588,455 - 591,442 
746,1141 - 764,1151 
684,2091 - 709,2083 
1595,1720 - 1634,1692 
1717,1649 - 1753,1646 
969,1780 - 980,1779 
851,1835 - 912,1811 
2836,62 - 2836,29 
980,1845 - 997,1841 
1029,2000 - 1030,2029 
795,2642 - 817,2657 
969,1554 - 986,1548 
807,2474 - 822,2447 
2280,1118 - 2281,1129 
118,1264 - 147,1226 
2321,1082 - 2332,1076 
723,1129 - 733,1123 
1020,1597 - 1055,1602 
789,2616 - 807,2646 
2254,917 - 2282,895 
836,2331 - 854,2337 
471,2296 - 492,2280 
595,715 - 609,716 
467,370 - 478,327 
2111,1440 - 2123,1443 
2406,1052 - 2423,1033 
539,547 - 554,560 
1834,1626 - 1848,1629 
2059,1398 - 2060,1409 
2630,1912 - 2650,1917 
958,1530 - 985,1545 
861,1642 - 873,1627 
2233,25 - 2234,41 
856,854 - 869,849 
1019,1887 - 1034,1884 
1586,1983 - 1596,1987 
732,1121 - 749,1149 
670,810 - 682,818 
1286,1644 - 1305,1671 
2816,1122 - 2817,1136 
801,2530 - 814,2557 
474,295 - 476,333 
838,914 - 841,925 
472,312 - 479,300 
132,1294 - 139,1283 
2146,1130 - 2160,1132 
2086,1551 - 2103,1540 
985,1608 - 997,1587 
696,818 - 700,828 
791,2569 - 808,2566 
2008,1138 - 2030,1125 
530,2220 - 553,2196 
2198,88 - 2210,76 
857,1405 - 882,1389 
813,2391 - 823,2379 
1141,1577 - 1156,1571 
2530,1066 - 2562,1081 
112,1216 - 126,1202 
851,887 - 853,910 
212,2090 - 231,2077 
809,1986 - 826,1974 
892,1410 - 900,1399 
2063,1558 - 2076,1556 
150,2787 - 175,2768 
929,1424 - 945,1429 
1159,1582 - 1180,1578 
891,234 - 912,213 
32,2876 - 37,2865 
1351,1762 - 1365,1757 
384,2567 - 389,2589 
779,1635 - 790,1638 
802,1992 - 826,1975 
296,2683 - 299,2673 
2113,1190 - 2114,1178 
2008,1280 - 2012,1247 
2393,1051 - 2401,1040 
1127,1605 - 1158,1608 
880,2319 - 884,2298 
2080,1406 - 2088,1419 
123,1274 - 135,1244 
466,381 - 479,331 
552,543 - 560,568 
466,2373 - 468,2359 
1000,2021 - 1007,1995 
723,1091 - 728,1109 
854,2352 - 876,2351 
914,2208 - 925,2202 
903,2282 - 905,2294 
2395,1040 - 2408,1052 
2529,1069 - 2539,1079 
1280,1768 - 1298,1772 
2592,1062 - 2624,1087 
478,427 - 482,454 
511,2225 - 531,2221 
2079,1560 - 2103,1541 
2055,1555 - 2074,1556 
1036,1513 - 1081,1543 
2228,30 - 2252,15 
244,1002 - 260,1002 
567,323 - 567,338 
569,575 - 576,591 
2051,1377 - 2059,1361 
41,2884 - 42,2863 
872,1363 - 873,1376 
477,311 - 493,318 
497,287 - 529,279 
802,2561 - 804,2550 
2457,1047 - 2478,1041 
110,1148 - 128,1159 
956,1552 - 962,1529 
958,21 - 962,5 
591,451 - 594,438 
2218,54 - 2231,42 
599,530 - 608,499 
2125,1188 - 2138,1179 
2010,1271 - 2016,1297 
2215,1156 - 2219,1177 
114,1185 - 119,1199 
986,2113 - 989,2136 
428,2918 - 440,2918 
570,638 - 579,677 
2254,21 - 2277,7 
2066,1225 - 2090,1201 
885,1923 - 889,1909 
1024,1593 - 1034,1597 
386,2609 - 394,2629 
797,1232 - 808,1205 
1164,1616 - 1179,1603 
2049,1394 - 2052,1411 
925,203 - 936,192 
2843,426 - 2843,445 
1139,1572 - 1154,1567 
791,1990 - 804,1985 
811,1209 - 816,1199 
2170,1193 - 2197,1186 
2274,1178 - 2275,1199 
975,1786 - 978,1767 
2646,1093 - 2648,1083 
811,1269 - 819,1296 
2555,1074 - 2567,1079 
716,2068 - 726,2066 
2471,1055 - 2486,1034 
2387,1050 - 2417,1031 
590,373 - 611,383 
2012,1568 - 2018,1558 
842,2339 - 873,2321 
128,1286 - 135,1298 
1049,1520 - 1062,1524 
2273,1199 - 2284,1180 
486,278 - 511,293 
583,713 - 594,714 
838,2338 - 841,2321 
885,338 - 886,326 
1159,1729 - 1173,1729 
2055,1365 - 2058,1386 
2179,1162 - 2207,1134 
2165,1160 - 2177,1152 
638,788 - 652,804 
296,2671 - 314,2670 
645,2112 - 666,2094 
397,152 - 405,164 
863,1970 - 874,1954 
227,2712 - 242,2713 
